14.445131935763847 179.0814716772159
394.5996629057272 0.8160946962877783
22.814093455138735 49.70785112129223
124.94724254533504 15.58020312263533
2785.918755796908 0.3247796042574287
1.0103360924893483 2076.315447898415
12.78667086100126 261.0447002154979
2794.1652110920127 0.2559934677229462
0.1674313028717762 8615.816541738779
1.0822183229803293 970.9889060373606
20.82996390120698 64.37991969716848
212.42744349005574 3.885571952459349
300.22076970471863 2.7432482606755726
0.21947092390402123 7435.312500710668
7556.913909908849 0.12695869313725938
44.581705517749306 23.818373095056746
0.4720483484892558 2590.48328096171
2.2060905489338736 310.58251959114006
43.93928007167582 48.0518413722422