2312.0801268211662 7272.799565232625
5413.326818883628 4253.422322942394
381.01198150748655 9234.477108770763
6543.712935561507 3075.282119298148
2874.344887183095 6776.112970692468
4270.9910777791165 5389.941708480836
5225.776905052095 4418.640443578733
7032.0677945754105 2556.957955903529
7816.246529527959 1874.5766294965456
7594.778386003634 2038.5448103420463
2173.446933613864 7450.411515730477
2484.2534083324526 7163.73959191448
1493.5878670148054 8179.527728149317
2736.0980456224825 6910.459708872789
5464.34806395298 4222.505254897264
1363.0600271637966 8266.562161718177
7950.053298819475 1687.5957229833907
6167.890112422248 3447.3474135684414
9049.202122531848 594.9444909040687
8258.00148914066 1390.8733209019256
5416.372669741894 4249.479568203822
673.7682144752529 8990.09268582397
7716.657466924405 1874.6649718361855
8696.800421649643 865.4821815018196
2159.240875559991 7503.3576577702015
7818.414820072652 1835.3559161479407
1665.1289401257213 8018.503819488536
7378.058778782998 2194.282591644271
6808.51987016268 2850.9562162612647
5556.667497511303 4130.831960156555
5792.74902534287 3861.0127082315935
9294.232273685833 380.89664305087837
5156.365064386741 4470.141573134289
9765.964030350959 0.4458728519966322
9270.21891249122 424.30163221190753
952.8193616701136 8717.355271623703
3574.212890101088 6091.470938778715
2604.648713933476 7038.009033308924
5854.932200536127 3785.803143930045
4313.2657153214195 5325.726652764329
1137.7408519418848 8491.645686633958
840.8733435454848 8844.988178171086
5533.950374479732 4155.284386981674
6065.920013396455 3544.144613063305
846.5389644280266 8806.355849506022
7516.99479346379 2133.6432344400623
2959.597222713423 6662.97069562286
5695.42858752406 3880.693462659808
2335.026478001349 7254.278318974125
7615.048606339987 2015.5890840281872
3608.294230437593 6023.761719094741
9519.024046882712 129.5930309108979
10.349718296022687 9711.028731040285
3935.6126278058605 5753.135465368457
361.5062219794905 9304.91002003541
6641.751028475978 3043.752980061959
1789.602727063405 7796.8536269722335
7705.267037613553 1880.2605254660432
2296.2634800592086 7300.8703708447465
3847.086730316854 5814.036611626142
9095.553720968159 563.2609991690487
7108.171771038101 2494.968107319469
1094.530762127849 8570.28508529664
3350.0470096951613 6343.503931406959
3400.592551296979 6251.523588343257
1603.62083079316 8066.189856634011
3954.928480823127 5722.0569253378035
7673.003915601287 1985.4609432808077
1431.1537085470525 8205.129189050205
4216.1456641281775 5399.588431305185
5570.333563759214 4089.401635142401
6890.2871151656545 2799.472671078793
963.6321479980428 8664.197797922117
800.002681444226 8880.879914992282
9683.799232195515 7.80122482665495
2206.4222034077934 7425.296984920126
3795.4015481864026 5818.023665981523
8218.562677369153 1419.6716794427875
8452.313923295003 1176.8462503168023
1484.4078162318174 8203.15549907178
2264.296818623918 7303.271342309784
2054.2633884826046 7589.239459335832
3542.0858549716536 6109.06973985447
1674.2085623211517 7967.2953043216985
1922.98324244046 7691.799518582943
1102.7496791629512 8553.250062828645
526.2535454162394 9086.73169238067
6651.592339763171 2993.0473401993004
420.6188066069213 9222.046376147555
4720.900866888221 4946.376923454864
8105.965370200608 1540.4804506679125
3539.087386724965 6139.939956024142
7531.010753512434 2103.4410501861057
1933.2305288031594 7656.759538368195
8792.439372681954 781.7984203955455
5283.403922610072 4289.783334023831
9328.859956894747 292.78694280562576
0.05447107871061996 9939.517633356007
9166.519686206426 487.61538224268816
334.40283612265887 9316.963771397615
43.61232895905376 9536.85775533243
4143.9536875580725 5486.160834640768
1548.8921189988332 8125.018916570102
7438.335001075545 2188.6479616854076
8281.105197527382 1384.5191608780287
3031.8105001252775 6574.043940300301
7883.596823894053 1787.9033680487858
6029.751799893384 3651.9759821976486
5041.478076615407 4589.75219807923
3769.444025466108 5889.905709403675
2607.217977973818 6930.297002187188
6932.039059660838 2695.903967709126
3183.9673177843565 6503.571642755269
4925.320688504568 4687.060068744138
1718.2261384509331 7916.158409876077
9477.523569767785 183.16975363245996
6769.3250196173285 2903.893848363889
9315.526644122985 304.5728263574895
502.1428259960351 9188.061202143677
2595.5030258096763 7066.123480862849
4042.005791297877 5499.066387835692
3268.3602032174604 6377.128377782539
3609.6971577571976 5995.901194777394
8409.847541420377 1213.3196120238672
4840.380572428423 4727.995620633536
719.2116902825429 8924.8818264149
7920.520984466582 1768.938193709858
3984.5631802621906 5721.437729320807
8051.715629868869 1549.1754884979032
5538.666981836012 4148.707098390883
2502.6509930477123 7157.530525846442
9598.396565252271 49.70212950815855
3352.112229367687 6287.949078176022
7333.8481078895275 2292.3505702275406
3914.5194010709324 5756.483237786311
3121.6279951298493 6563.744209259357
736.8009003742429 8913.161135514765
2131.748973301167 7553.786807685687
116.08447892890443 9504.77088734732
6839.642604513531 2814.6101031085473
3481.617093207185 6155.0767654932915
2127.886498824107 7575.21478062855
1034.608649323388 8581.658013713914
3953.5314963363785 5739.440131777775
1882.671355475997 7746.084189194719
1629.170203864526 8050.299567576
2911.506587313971 6741.542008674518
5808.174316411684 3810.6792978113754
1753.0020164754167 7894.606734076778
3335.6667599517987 6347.94197926644
608.2954014723508 9023.835098247991
3457.430080766095 6195.634122067447
9011.183817130886 615.6110223700654
369.5528019040433 9298.027725128131
9272.976814285712 399.73924641964305
8310.760352749112 1336.5020480992293
6002.691635150991 3656.692132650322
4370.217837671835 5262.751190996744
7284.6449855473475 2302.248955179127
0.09853274850859273 9803.389406326218
8379.098655502617 1322.6976033078952
5603.910368928943 4046.636715022316
2.588323578138853 9748.768497844036
8631.230238368591 979.7099285378541
3194.7450146642927 6490.10920164968
7914.426830024066 1775.6213704172617
2804.665292339504 6805.476946320094
5990.223462415453 3684.5725796985403
9550.368727960009 123.6440258729735
6678.991557370776 2980.75713566652
2518.5873345286886 7070.8467047279755
8023.9994545057025 1667.9155231550899
0.008822575438634184 9941.496401409617
3014.565050618599 6608.232884174944
5937.30581214073 3757.6374985958937
5447.6189408986675 4224.802125591222
9458.664963979843 193.97188869936076
1018.4957506417492 8606.687108577677
4031.319762909742 5629.168259962014
4372.314790016708 5153.448219373303
5686.898434143921 3903.4451950140588
5533.981210489145 4151.883751345471
6680.963897748452 2956.1138476580254
1.7433554973204282 9786.06760259529
8147.861206128423 1493.8686228415327
6607.283006377988 3053.8482456933616
8155.771473001961 1480.1466755827469
8597.971436801765 1011.8916408850745
1495.9932036045936 8167.799740962038
1205.8361457810531 8354.023833654925
3709.8609128075127 5955.707706639566
6807.952382781137 2897.789492673848
8026.614833315496 1597.5301415735294
5945.702368860514 3700.474900516653
8210.551035884593 1459.485805852001
6223.169490718997 3414.1932978889126
13.080968507728647 9657.54402766945
7272.058440094942 2400.7408958843407
4466.841517713951 5138.543410974722
2781.0954619026647 6845.524852647868
7224.777930783623 2442.738316854753
6239.904264523309 3409.6344630716862
9153.294172980215 510.3052013348565
6846.148874902971 2800.6952010861205
967.058974989806 8648.088109279912
4686.629808316235 4977.341345931087
280.58985667704707 9339.20649072315
7940.1584156606 1738.59704124518
601.9999864479586 9081.041732136839
7235.872180710687 2435.1748891469415
1508.8164184854497 8132.445817030541
3985.9361832571117 5646.341550597164
7678.341175731911 1973.3332473256348
6975.947712691446 2629.1055715189345
9891.829066176753 0.008013176830981794
8217.448838579616 1425.1887353131226
7534.082428417996 2065.2939939883922
1376.1021472572565 8256.391156062396
9240.87803484194 434.62273269801614
4651.279617295748 5012.05391258028
9082.666889191605 568.4727283277717
1129.5516824673628 8539.911716706969
5627.348652950351 4002.5605020655294
687.1469478545216 8950.536430349455
7201.118992867148 2475.9546834754274
2413.3616659876284 7250.676977624875
3211.6958655963244 6475.687025987049
4188.0982280894505 5454.42972088223
2026.540679709613 7638.487742985138
7832.760683844593 1816.7496154263035
5082.947630588941 4523.231405470072
894.314124209551 8746.051693776199
4006.6595315333593 5634.280739532138
1506.2960502505064 8141.818264706999
9627.975404591221 41.46581502708823
3631.9494971318504 5961.865353936918
3225.220545791167 6417.991627099396
2235.7106927196132 7386.6621264999585
508.8514866582926 9173.353792856742
3144.375236630229 6505.96182025281
7820.079763913103 1831.633698557477
1155.445807330244 8474.793819998946
5586.527415846999 4078.6334604378067
8490.583647371817 1076.758672277957
518.3594012911326 9123.189163418992
5930.469734522748 3767.1982501921225
6899.391448758969 2783.274195694823
1300.2481422802941 8336.540827699484
4742.34254442913 4809.958182574287
1783.1474351870295 7834.67020811834
517.138640456989 9162.966160323605
9095.818573840805 533.8946507824129
6033.3103260954695 3607.806691299972
9700.831348530322 5.362726014838542
5474.557685543507 4182.280168128446
6155.165248461544 3480.513943555341
4561.9852991518 5040.254657571694
5808.051175878461 3858.6944905859614
9844.305647061055 0.012995755909521178
174.54970275434098 9428.039700060928
7164.081602201572 2488.458333570687
134.20408723977147 9492.866591247332
1660.3949290251423 8034.0853803674145
308.39495887638657 9338.414313903588
9390.776763509564 254.16745298571632
2457.7543296199015 7188.411087931072
1552.9217406488085 8074.496240530926
8042.657322907327 1569.8185759807666
2841.6675769249723 6795.295868418977
6402.6975988266495 3253.035037454176
4175.315441412562 5464.200440800336
6908.7085171624885 2719.6873597635754
3732.1533933690857 5901.489180497515
1721.357818145598 7904.900640191265
5015.816256258082 4596.119372582926
7925.373813447671 1748.5754548165771
6318.683374409428 3292.070612183528
8901.864943045173 696.1274614259578
7481.694191780723 2158.8635682492195
9804.842222539342 0.1376752750753072
2921.987449386758 6671.786128766178
6479.072719797296 3100.2709476895616
1672.6502069130202 7996.971678235894
6277.598401461408 3298.568920880505
9269.676131209226 426.0786189744162
378.8510677593936 9242.99240788578
9580.20904724427 87.8141443022798
6409.5796152383455 3151.5137833696413
4958.875006437842 4640.782565680417
4317.661031730733 5318.522535937189
444.6776261250108 9217.094326582554
2442.4266545126197 7250.496600825201
2140.398988947466 7534.792089325229
6399.2819290323105 3283.148822352674
1859.9517315323594 7788.357032005006
3577.262284516775 6080.9874640427215
12.16995340480971 9697.415478008637
1627.6173774677654 8063.090262587694
8995.46404772261 685.4299002665424
8688.014253230813 952.3030395977943
3618.2644622877447 5978.066897203267
9549.856475754106 127.82817593795245
6113.044446896687 3508.0818300246656
2046.0951827552803 7632.553786756491
5280.864394731489 4333.191713127291
3876.825447796551 5780.563975525961
9725.949291192475 0.48215449483039907
3950.0043498815126 5744.75844682783
7268.172506877123 2424.116011463897
7974.101120798057 1669.208651790787
743.253498386139 8908.32188982804
8.334169599890503 9728.17386101889
9311.08380030054 314.4084901716929
9214.810350854486 478.2667757266913
9989.130620676639 0.001096163281827045
3789.6601545884278 5862.446881884497
6045.298865502177 3594.054694455496
5565.350136702514 4119.5196139458785
892.31106810849 8799.366795232338
2077.5608968657734 7582.936899747953
1819.6293273586596 7791.162960493442
6772.209226490666 2897.9699213007025
6834.363458427098 2824.74112867007
835.2368667625169 8860.119561138954
5138.037045795933 4503.494944419029
780.9979592128874 8881.232216330976
2445.708702634019 7239.727956680852
658.9211205538988 9006.49083493561
1753.8728827927237 7873.571437503696
37.36773247509064 9584.927238876875
8385.558908948393 1276.168167282575
5386.981685189404 4271.390506741405
3520.9492537639007 6152.9894733281235
3451.5784682023354 6249.849412832798
2130.4629212734385 7572.496451859487
9343.791953850683 287.2589504524662
5682.319093664021 3963.932049489454
1964.5924431803173 7648.737448056286
0.09004636870036142 9835.979605502842
6822.81906247609 2832.6186922299794
5225.660901634493 4454.804163425766
3303.237106530348 6359.283434706821
6732.5284962210435 2936.994377614294
4.906207280340528 9733.591428236188
1360.7739638724363 8319.150188274103
8856.442829509411 779.3963613042007
3390.415959300682 6262.032841390508
19.966894845362965 9623.295846156627
1283.692108845248 8351.43311287338
682.0165892399633 8986.587609471815
9575.894699751758 101.90845102601614
9652.69174806389 24.206862460149974
7177.335649479073 2483.688132850625
1779.379287739068 7858.231896794942
3030.9842096148723 6602.907016361746
1380.0780786711182 8245.168740355777
7064.892055608578 2553.6796369115546
2775.560542200298 6903.0016568503315
6960.859234318624 2672.7835646306894
2510.809542384942 7105.221407754553
7270.4950556487565 2420.440909575054
3907.2757080492806 5773.400048469616
6648.782591433213 2998.4404441431307
6145.4180291041175 3493.618326743245
3138.677674115686 6534.28605220471
482.1333233902853 9190.671317636747
3583.0033563373254 6077.004122359075
4297.048931432137 5354.965977987957
3161.1594923166394 6503.6649011249265
1662.2966877168249 8031.4130464102855
5043.808707474005 4576.766805058827
3244.75359362276 6385.2576550115655
5362.562440980131 4281.20932890305
3304.5223936516695 6357.179553462497
3218.7504892598326 6464.307839119076
5532.384015170012 4171.983492312663
4635.525959689547 5018.147550826169
248.1058634491473 9425.112232400428
5247.587587229329 4368.380284106214
6527.514591565885 3091.1054026750185
813.1967778478978 8875.89575512527
4661.415546192315 4983.674223271925
1776.440260051907 7859.470536328856