7286.074257676962 2393.9552146800206
1364.88354176895 8281.566441353685
301.57315155585223 9422.613000174677
4543.502491825301 5111.639630487934
8128.057425772815 1601.2740745758306
1817.9672325399958 7836.758817563446
6882.483277492815 2802.75421895829
7756.446777481661 1860.0364326287568
9523.4124283731 198.85051186789036
8894.952635712552 852.965289599266
2155.9761534916092 7575.028332240373
636.7009580596592 9091.40683252373
4461.868790156251 5209.033753879215
2079.5260314854263 7584.859021075101
8310.78028253809 1387.6149342833826
8425.869610892963 1313.2569404382446
4223.918018571762 5501.788363062092
342.9860655966831 9386.009155744021
9330.811080125495 403.5453985464091
2209.4041523831916 7429.46599498145
8148.781683403764 1533.0451218984372
464.81921163285415 9255.020425132658
422.80740779703393 9344.64880920382
3649.5514417940462 6066.047637506842
5905.194269881892 3710.5262606735355
9207.457047674223 456.2064607238327
8609.111445051245 1076.7526056877628
5319.896279657464 4392.785288479388
4436.762997528042 5311.4809036800025
693.4718964159491 9020.647277912723
8206.89128996251 1506.898790171712
8284.964128967265 1441.1581984647614
6799.291200989085 2882.889441836959
5471.389655963166 4253.609334126692
5525.008662924193 4149.1031347930175
8118.778762416742 1633.756731811625
0.21433019777674123 9902.738836529872
3057.3922125003373 6696.278827271341
8922.756854497231 715.1565329503165
9002.054828633498 705.4871889776325
3479.7676522404513 6285.1294459968085
9606.563903766082 92.25801546460599
1992.9438779822185 7681.858802295145
9620.907239866394 86.07178598016561
3737.2243514081847 5963.702951043735
9.918851843364246 9712.161565475055
2414.239557194794 7278.773367212881
2178.4382344696064 7532.825682652169
591.1654374695391 9107.226353345313
4910.5287821400825 4801.299143983192
41.94479336098188 9647.758850981663
9021.361423089535 668.4064468221984
5060.160713416286 4560.501331143705
5742.494098235708 3952.2319308959864
5385.909097336508 4365.281390480105
7131.320364409089 2590.3570677684443
8134.093741140432 1565.7911697594595
4674.749772576706 5055.660269393367
1054.2660280112004 8623.862419271945
5118.510700806353 4468.855891144574
9.076817922757188 9743.685099148603
4770.087002754958 4896.927063521215
5304.249287838485 4437.85846300299
8383.343425481824 1345.9946057131015
2871.9262243907588 6835.779038236979
3468.9487945628384 6286.267053513199
6722.084808139067 2907.939857699313
8915.586317596359 768.905803082965
3187.4430141766234 6553.256773467364
6128.995185390624 3561.685304042256
1792.9873251562453 7923.916232672777
4017.9265806008098 5655.2918624082
460.61188732106297 9294.120865160816
4640.8509812152815 5104.52357710041
3448.802115383671 6295.984685518218
9223.593140748517 429.67477134282115
6315.448210235523 3423.495568835657
1522.873238748264 8205.081296036913
2302.3261444186883 7423.883852992276
7362.574352813358 2259.1937008225377
3942.0673946933184 5778.12580311933
6264.748963042396 3527.0513382102663
6696.449623453302 2977.542639654048
7970.375916686043 1756.1905798083112
9353.488959810664 385.3036496022052
5511.705709738848 4217.484253696191
960.9882284999974 8697.757179564076
722.9682709426378 8991.923282693717
0.42736573005063794 9882.696799434341
1634.9985855369082 8104.781320939898
6264.903508398627 3467.8301706787224
3591.2619953954245 6166.614296608058
2883.9908931215823 6791.739292186478
2358.4239147182943 7368.841139777283
3079.7371657535887 6612.505907130495
4970.247949299382 4786.9589201615045
9953.833373136964 0.6304817934345646
5078.049531457761 4522.4937158226985
6311.65692380529 3437.9213352245306
2554.577909386217 7043.0225930991155
1433.1344158429677 8274.522107899456
4184.758045207445 5549.696182313477
2800.539869664225 6938.07793696517
8806.719414156098 879.6585553831992
7211.458321792483 2486.1301356533354
7162.6184293931055 2547.2331684934907
5418.212963417054 4284.176270312425
7654.734290423034 2085.9111498653533
7559.44779895589 2095.3682530054257
1945.1974917207513 7787.630351542813
8695.773444739014 1066.124080774507
6999.6349697975 2605.0700763778345
9072.351286386269 570.3478241139856
7125.3166705672165 2592.8306856454637
668.6426497542103 9047.928747800794
96.79046047988732 9613.862772837634
899.1627899979316 8802.712172514299
4709.325489250623 4940.325462315879
9528.490286937043 196.1584480775499
906.1783607994457 8790.32685457864
3466.968122785275 6293.4966674554935
9692.895297769672 17.145999311773846
1962.438356497592 7747.704095833512
3683.618938454596 5986.395472679822
6011.76117254181 3688.750324864661
8051.660850185668 1658.1757423207703
4085.891591865781 5557.914139066479
2759.622271904215 6970.40599938698
3752.6087965120155 5963.3897654794155
6190.827944226461 3542.483532689994
3414.630730757194 6299.385922542344
4885.882250262011 4831.43484858207
3542.0813960946084 6180.14830114888
6072.009512621292 3647.9454488319616
3796.0064754956124 5873.460534526437
3926.6522868803045 5778.70355422172
4528.673835672576 5164.828579267591
6326.151935878238 3263.4392212904595
4873.456150283309 4861.823834673738
7639.512568104785 2089.926301904028
9664.865739257808 61.97382857686211
2335.154619628095 7389.911600437222
749.6669360723077 8928.25677140875
3192.8466485516087 6542.284679769623
1755.8015512613456 7983.068823232751
5873.687679937457 3809.603005355987
6301.691286565299 3439.165263181188
826.4002276641078 8890.33598558119
9562.995899403752 157.85950388009203
4864.224206979559 4892.431075913361
6956.889671399226 2780.983949084945
8659.75573724931 1073.6509417523941
4901.839183375387 4817.762233622842
3955.5481950720678 5718.636436327561
6906.091380033672 2787.7463313195576
6862.508394373893 2856.8047103831254
6983.966928292424 2738.0700486130672
7981.250119644792 1740.6986408909772
2565.1434957208976 6989.2342123687295
2863.9867947071116 6895.901637601066
3479.997366873551 6279.569681387108
5300.75732051255 4454.085942290098
1089.7204693276485 8601.88904078324
9162.965803610383 510.8619465216697
9464.314095597801 293.4075992843875
9293.101748856552 423.07707588332624
1679.2902337149267 8059.314233952955
8213.596242399017 1472.5619349240633
2362.8950794835437 7343.185424024457
439.663764492111 9299.899090888575
4229.7009257156105 5402.103920895503
2034.121575275258 7667.207600707375
9027.069183241892 597.4074001363899
5491.391366525154 4239.68529131328
5579.240987308799 4035.3377172719215
3012.83593503283 6727.30382440133
2345.6567887872443 7387.163482537797
1546.3472823324742 8175.1791122307295
383.6695325178328 9346.69321574718
2128.3141491181227 7581.78995760702
6654.733147504903 3042.467755206501
9362.542564550373 310.9842796363679
839.1440760868915 8865.804491678473
8442.46912533659 1138.682784358781
192.75459998367558 9483.035587631703
1667.9737382508815 8101.399236001884
6605.00127652772 3052.5903800068354
2825.6736797791696 6901.790180584453
3782.5996867574586 5898.685107572266
4355.8493206277935 5386.226404649902
871.6670450524347 8860.346096013505
4663.37111710218 5068.178139824222
7943.112218537275 1782.111897306655
9481.784561149008 209.65827436946614
6319.269889791206 3411.818042277396
1325.2612549127264 8301.25100707678
514.2052284626329 9207.194267634506
9791.51800419745 1.2029492021527388
168.76426869263676 9523.947375964384
3591.3086299006254 6118.59367961867
1934.4808392340756 7801.382626544971
7846.09369672964 1807.6707665492265
1682.1243682355212 8033.072343084992
3232.033180788861 6405.823095603768
9580.484237474848 138.22082909722045
3517.7844377371366 6184.065904043261
4461.0858899818195 5271.526647400761
6801.610265528056 2875.1232241216053
4370.425755565491 5355.36242522176
5656.68323940666 4001.989334215296
922.0722990019177 8713.879201670783
1050.4762501226644 8650.293525463903
2329.1821629267233 7419.658181116721
3862.8526565821867 5801.135868667536
8910.947288337886 802.9158076678673
6586.078677021528 3142.998079778457
4.3359858917758345 9796.531699270528
9009.86126544871 682.4517460603189
4380.933436368979 5321.264298286461
4945.6555779562195 4796.236461809347
7258.822594172793 2415.4348800785915
428.1164803385578 9329.89872995788
4018.8762122622193 5618.4982775278595
8395.479012549942 1340.6657393781406
6119.613946307503 3624.7834178630874
8145.892665663767 1559.4817092258868
1684.354641643812 8008.515199352842
10.992547216652836 9670.039599817643
525.2959879174349 9123.840431684996
7454.461153884674 2187.8986187938854
7668.491191899166 2004.144299361999
1626.6835736729222 8146.7843282498325
6035.695099919534 3650.8249668788426
8003.282168925479 1723.6309352451954
7978.238830701275 1754.9834107992829
1153.9180327998336 8448.894375426804
9645.012813518202 79.80423865529997
2522.7344827047914 7157.388699094588
1916.6382678759924 7803.4529780522125
5732.231114336822 3955.428819972382
7729.9354321163855 1993.9560070053142
4985.2736858134485 4635.278893284545
2916.2925229348093 6729.367921184225
1276.2549024840985 8433.13933071609
1490.0773840084962 8224.490585193158
8013.267318776879 1701.4148503323863
3140.654122312066 6563.173255950966
9464.373442828733 279.7516353024667
2160.846504619362 7547.902793101169
1437.4338125640436 8253.974928216938
2488.507701570813 7202.124035732238
3035.0860746159283 6703.203254414617
6872.9038012942965 2843.8516269352585
309.6359954010739 9392.209597039788
9106.058646409478 522.8958216155128
3513.73645974887 6239.4112643005155
8367.89083120049 1355.8233678931274
4199.497039687101 5546.6266909807355
7991.987181997233 1728.3592551323716
6469.572248944743 3161.8051952754645
4694.228465643486 4973.532895761467
3070.5640306972878 6641.254307217026
7924.331332331739 1798.6569091174956
129.27326429227514 9573.423885653146
8698.095133854473 883.9503905399886
3385.2523062409373 6331.858556590265
2.5571665161177104 9859.007278969199
3492.516413148886 6239.879977728562
2378.597642737377 7284.248956032763
9738.52049831467 3.102077951492358
3677.0888107341843 6053.982934566843
3324.671185843591 6383.290778396265
5789.211380744559 3859.68710192064
2492.4120100319574 7186.357953527855
7344.429068458224 2377.0924067421565
3197.6039445438964 6516.7358309975625
6264.88450641622 3524.247287972323
1814.3036400743736 7863.251163160504
6074.418757048379 3635.538222411424
5859.183631475834 3826.573187586251
1550.4384506474037 8160.065279536305
4486.142988683343 5197.457077248612
9675.77950988783 57.18537073910615
4971.786912308561 4783.183399708109
9312.682121816977 417.48087479631783