 7384.475430902016 6753.440980966086
 5132.274536706283 176.07686372999513
 4691.353681108572 8232.92056883113
 6292.759807632455 3790.860474769524
 7250.357537607312 2525.5019336970545
 755.6005425518632 9555.368016130034
 4901.088081890441 1031.5393572675114
 1963.7806084781564 5979.674156591443
 6676.451493576449 3373.7938261245263
 2604.9875068505676 8312.417734885097
 6368.356249993633 180.36651623188075
 6242.8106046880175 3492.973173379972
 9761.868317539946 8735.944169858953
 1765.5181207962917 8701.92578470152
 1637.4752629903992 4604.952463457315
 5236.206552366668 2546.7090751521796
 1522.2295799676415 2652.5047775578228
 6696.276083442778 1510.4717254959005
 4676.4911632893645 366.9204486623073
 3941.6842106355516 2052.550364155889
 8795.794101298996 4823.064883463235
 1386.2810608312554 467.327964234058
 7535.003232027459 2210.8386154318237
 9737.718909790523 8467.74835017654
 9102.412993863822 5436.807225008087
 1408.9583684077847 2350.350537036832
 1905.7763363018305 1012.2272221242517
 7317.282762589393 7527.366800471871
 9493.418749632836 1138.5773517539214
 3090.936290188571 8280.206216609991
 3916.620729535357 741.148541642545
 6503.087791722691 4605.512275943878
 9991.303666196462 2026.295106981868
 3472.713091400408 4220.952474130314
 2980.770211985554 1088.5799770912206
 6905.251303835797 7975.951039429737
 8673.792344632608 2063.2769837342385
 1265.4880535232396 1184.7276241730551
 8008.738254685578 4380.519775616401
 5854.051218690264 1725.2521841602693
 7976.664818133937 7778.798673120021
 1497.198066973547 8161.065223367163
 6820.384260299166 7916.523568001549
 8557.192973215728 7566.339068851535
 4287.43601353397 2651.968816130832
 9044.554035857174 3272.094148772967
 7060.669191686421 5363.121488807848
 1930.7520586207875 7333.08997395017
 5395.74460317979 7045.739030374299
 8746.61900252209 1151.6361172197087
 9454.330879203411 3334.315371103938
 6037.709712904728 386.3720769536436
 2878.060003723314 6096.6259163678515
 2288.2214268577623 7076.960954122308
 6710.460099991375 1797.104802095316
 9598.755288229599 2708.6477988671713
 8976.06124976408 417.4651234100788
 4558.247092537151 846.7129374801814
 3897.7088577538198 9427.740863212932
 8498.765291160604 6943.0366512398305
 54.79180551911717 7013.278171062403
 4677.600914695655 5907.270388036406
 8615.607113884224 7560.158650420305
 8748.135073680078 5124.474094287358
 1187.4505238097631 294.0694988158396
 9380.384728685447 1759.5487768674664
 1781.2257308028336 8844.784343866102
 7842.874290458324 8367.34867308528
 8967.41707916765 5546.1321305265565
 8959.580322943993 122.00750992628777
 2340.158078949115 9270.670679080673
 964.1387478605631 273.7599108184766
 2092.8749897855746 9778.185758555199
 8458.282827136498 7885.378632132819
 1744.55650382293 4666.655322371436
 963.6146025664286 3302.2788965560258
 1798.1315235940908 7293.419450830208
 9313.277816020678 2354.3697882075376
 6494.702138887751 5320.994587146854
 3586.9228418848197 9879.850247121314
 6719.493952770121 9887.265691205961
 9139.50403676429 6775.362141287898
 9582.338375358924 4856.670793240008
 1869.9636540599815 2492.2231168996177
 9245.30540037127 4055.477881837606
 9851.69415168521 6683.857746975377
 4144.74714517549 1985.3214595552774
 6157.865566219052 9516.045986740304
 2929.4966889695766 80.83734745819835
 6821.23860757376 50.193731427147014
 5153.303617561795 6279.492133531835
 8697.960522722404 6069.513725277762
 3036.759148440532 398.56189578169835
 4259.063757095049 6748.781421559464
 7463.981537130368 1598.657993314854
 4240.951495029193 1605.2015793298835
 4797.195314269616 7111.2433893861535
 4525.067331975426 5361.882635590254
 1038.0483053549908 3288.2186335706115
 9862.819045038803 6465.961542792243