9877.706752593847 6.5460151497954175
3740.939573705727 6026.84396990794
6013.7099815967185 3745.280112944018
4063.187220691238 5773.904860413852
1917.967807790257 7892.875999787237
2723.5340101442025 7100.275762221821
3140.972837310456 6535.216490680466
1048.5724956995512 8744.760782096188
2684.2042686516916 7125.000599714738
3422.6311375526684 6387.156230062137
3652.543947571153 6172.474790813564
5600.869600910066 4206.368131600901
2081.140292199844 7715.568480517051
6259.579641145223 3555.070713020672
8233.208749188674 1587.222905737112
7271.372785778722 2508.3572562237246
2785.5511203461165 7053.793800350395
3896.821542275244 5854.224963023981
354.37615753703574 9445.303473400338
8569.851036185646 1273.4756634097241
3008.048508348301 6728.807214027091
8130.830479848705 1646.2612111567519
9266.93330539558 500.34964432099974
7577.555798451679 2177.6838852157043
511.64869098393814 9241.033843632327
8301.460208933975 1457.5395333618064
1793.726503079651 8006.977217556471
8295.324767048403 1485.3370629021479
5639.3415872414835 4130.448937980928
1478.08293613005 8324.973171242198
3502.4427099948352 6307.415733856729
2264.990868334047 7488.690717779244
6422.523629366152 3369.5338366091205
87.59960877505992 9575.897503855616
1890.5487777039516 7904.376232932006
8602.668155192156 1107.8946590443852
9228.101884781687 602.9450695859242
2491.5975459975634 7263.63677233684
7922.992736789058 1772.0433568427895
1970.6889089411925 7794.723444262244
9213.596594852284 616.56338191148
2873.620283998725 6943.306237239434
9671.458424841509 115.3236451238148
4076.8048398796755 5684.966074524006
2906.793564196994 6791.44509831845
2098.751280419124 7697.354813788467
2435.3046561045694 7344.636165706912
5996.26958099489 3806.7090047047573
111.3799294173579 9549.920991881676
2387.3645731979855 7433.482784838538
2248.234810050207 7497.85128192335
3731.778338370254 6081.956572247972
4517.5086517557 5324.35520606687
5497.614335622859 4256.108819639381
234.3274429117263 9547.057284225437
1820.6863360949349 7917.590171434743
23.218422897189857 9777.980738859176
6708.670443570398 3084.49058308848
7208.240429389812 2625.1191637869642
3227.047475033793 6463.41459841941
4779.797159626202 4922.553873498325
961.5501855581434 8783.932471108265
1055.261354558897 8741.457049694194
7478.393869466612 2297.682933543481
3431.222677502912 6377.078999313128
521.3795638756624 9239.92102613993
9851.914626617023 8.993146067637634
2845.281700910349 6994.711712508406
9038.649986059923 696.803399497131
8570.501548851784 1115.9183306317575
4173.67960898234 5574.486313182433
6426.372171491755 3342.2172695073955
479.15686675421085 9250.843859646044
5078.463051503133 4689.481069576297
5399.517138721371 4408.926044373662
2755.2911585708125 7069.456193309994
1272.6396312353147 8485.220244914799
2309.799380420527 7453.003119790918
4110.094740598582 5664.905628986975
2518.608086996383 7213.633020110012
8261.166449049606 1545.7644323084157
7.2059091899041565 9958.236102444516
9427.359809412474 352.51345052772473
264.2006071956617 9527.793881525173
9245.707979131852 599.8560412341338
9561.956571659699 166.02205404223227
6443.452080236539 3332.808788917456
1804.1600090158001 7936.912712860735
4463.115195719008 5352.35509153037
469.05684826691504 9366.91931839732
2378.695434928513 7451.126965756283
5683.494024333235 4043.475835705663
9102.355352655712 685.5892298450188
8280.561257822552 1531.4953784046186
2993.8111302643692 6765.483550614589
12.791019548422407 9798.733901749496
7282.987772532212 2470.0428927620287
1685.5144761864951 8062.101246484031
71.33144702297372 9738.211504032999
8461.350950967744 1275.2900143817922
5961.833325441659 3821.6520124736785
6132.097054542575 3713.9405766704485
5169.150447957045 4552.085789437626
3670.913039670228 6159.929824805271
5312.871533439402 4484.850578947809
5006.884215002258 4737.3018540817275
5837.524533686075 3878.8639625734745
4695.72934670251 5132.3276783144765
8881.080880152374 798.491715575326
6838.349642206646 2907.4498848569515
9115.778060597271 644.6858503089136
5214.338933222206 4542.620801362172
303.61325860026204 9480.591931574369
7707.592954764368 2151.241724041692
2679.2466190764167 7154.011557341397
4710.125135599958 5024.987525455717
9341.062087172408 437.12790760755047
4272.371899736598 5570.836852200892
1306.2595020500955 8431.158320857296
7842.5946774034755 1966.6676173142364
9668.230445360325 158.02330860583265
3732.497499874394 6035.0578206863065
763.1519559800872 9006.593937868443
3360.4337546774887 6393.427249236462
9002.205605180154 780.7114897806795
945.9933616679662 8889.09615318138
3877.1271778927717 5973.627502757831
8367.432876029752 1355.3404815080369
7741.164351112362 2039.2542472319537
5336.323900299833 4450.0947192101785
1749.5923853284162 8041.83225234218
4126.436093446452 5612.307188178232
6544.809833514656 3213.227048585634
2929.666322942106 6768.556437972116
4519.917983898097 5211.1738045472675
1205.9965497473884 8648.065136098005
4464.337513254391 5348.0182688886
3880.4610839264587 5960.135740693137
5088.147755422035 4650.621373522909
6172.400876591569 3598.2252757482165
9258.169897309332 531.1603485475787
2152.756419243024 7566.351327055876
3976.015445628953 5849.600099714384
5463.549812939489 4261.0315093419085
1247.7133662887436 8625.612791598998
3582.497707544108 6217.149308517656
9409.630412871953 365.7185279332014
8724.057982135477 986.7405516681075
4601.485612272426 5142.552152743466
6817.107489912147 2968.694506992307
5027.953711737125 4704.539248530576
5541.12267070077 4210.847191093434
2145.915292215648 7691.150543589848
5822.686911364701 3925.2072275073183
5252.819528840987 4501.057384552081
3109.724638373842 6645.545380241133
6290.114022017572 3471.551829693755
7737.768248273794 2133.9333030747243
6610.023539120248 3140.12169977336
2071.7240308826663 7787.857114282148
0.12002698296073055 9994.555915558769
556.1237312646126 9132.370459636797
8207.368066357172 1606.7064310215328
1631.5387185298043 8194.70687468166
3980.2433269272865 5846.680060188543
5233.232605295617 4519.875137614564
7821.09110575712 1992.1017892617795
9249.589316908085 547.0830383656341
7374.357012045637 2300.76768285674
806.200121300762 8986.803370568117
4600.430648121676 5205.4871373428205
681.9187527158533 9042.570608089341
2787.3571701510314 7007.750844543838
461.3554531583634 9400.463205045751
1216.9310568149263 8641.785902257276
9899.504898513644 0.7659139301316608
411.03936762419846 9404.534892314101
6331.809333012056 3432.637263261154
4437.850322440714 5424.449641392021
7033.188985962279 2632.76555266332
5680.573733919106 4076.9285378980767
4037.7992342481707 5794.351412527779
3643.3151682756775 6194.761139647609
5357.066598336637 4431.467717084117
5367.493207436112 4418.80892404205
4321.375049346464 5512.562920453816
1967.0135343575046 7877.0094503887185
955.1267357086303 8845.682714562441
9035.854537010395 768.1432406419168
6883.067090725186 2766.939102192769
1786.6198206656234 8027.372192788792
4354.905493242946 5438.088825515109
8042.644099578528 1704.0423093375402
8876.003216461568 939.346077140426
9928.90652534086 0.45205475980291066
9472.267327531257 240.0134485239315
3458.0755302161997 6331.546428238491
4292.2357295523525 5561.128221563735
921.3940646557274 8891.36336304758
4388.145093734573 5424.603165476926
6171.087930777128 3630.926967263131
6627.720769976125 3127.4827521280376
240.33528170381538 9546.565634574512
3651.7565696454617 6186.019955489797
995.941422282875 8769.668574519377
9343.712139482706 381.2457447439398
7337.21717581796 2400.8508067780012
5433.893048133452 4317.217605416684
4300.04756656562 5525.819494677351
7561.994591887787 2220.8178858496685
6804.230154227664 2982.880485958629
1199.7181274344323 8648.699338525215
6129.372989036119 3735.3025043600387
820.9750978557445 8925.072674677729
4806.687925844309 4876.0530368109185
6598.931412182865 3198.6216981253638
3454.223198613552 6364.002143964316
3798.333418489472 6010.277710345934
1056.9191877308522 8651.465935394053
4911.474202930604 4799.385375327287
1398.2856105792907 8340.26038426597
6510.035917260561 3257.704226522216
7538.86293349449 2255.7348339404753
817.370439397636 8938.230506166581
1526.9317443229202 8201.81222907803
6504.6373959971925 3313.2336077717896
4487.2140459999555 5344.183861884444
3988.4220471339668 5819.702430971742
1635.070090564155 8107.646680508875
6457.10559306131 3320.2225091490573
7241.869309342191 2517.883911586726
6154.503633916012 3670.8754045058067
4967.326380556322 4779.866607665483
9694.444852578572 115.02671499203068
9765.160887427412 40.12818564361315
5347.193704359515 4442.869941814683
7716.556863024984 2145.0541706901117
2412.9830441184067 7406.2309600598155
7914.38657101131 1834.3557955449494
3516.272239000643 6294.438148946157
844.7498890192666 8893.964989047345
4442.295375236474 5409.841013890402
3716.0102141147236 6105.216551624206
9248.65202318727 595.7586500325781
7671.704449897811 2170.771681526707
2025.644338625899 7791.141709918881
6799.423637827379 3062.981077735187
3861.7155284589794 5997.9381831253